1469
10051
33673
45763
55573
286543
394613
447813
505083
617033
625733
641013
654443
673203
674723
675873
679763
729193
755292
783110
792518
794815
801754
809974
814227
1194131
1467951
1493251
1853941
1856271
1979921
3015121
3610511
5404582
5414582
5427422
5464132
5742212
5893702
5909192
6067292
6468262
6489102
6595562
6808352
6820052
7111232
7214972
7246122
7250482
7410882
7449052
7584012
7697992
7722172
8226422
8334342
8339422
8377932
8383122
8695952
8881562
8966782
9409772
9497072
9508802
9604652
9734552
9937562
10247042
10282412
10329492
10355072
10521362
11055732
11326232
11625192
11772462
12405802
12543242
13152432
13239112
13259762
13294452
13590912
14058046
14075928
14124532
14142709
14147716
14298769
14335321
14341395
14367669
14429997
14525148
14578236
14685648
14724500
14757974
14758627
14771699
14871003
14903044
14934093
14942383
15037883
15105263
15506203
15507052
15937275
15956232
16273541
16309343
16314502
16371261
16440639
16511257
16562213
16604813
16657801
16906137
16953120
17029124
17047841
17214580
17362713
17398391
17536277
17685964
17704829
17789751
19093999
19160081
19230915
19240919
19411208
19450940
19462517
19534725
19686192
19818427
20287709
20423071
20910977
21188828
21353244
21554575
22038676
22043424
22123270
22146443
22189737
22198175
22622502
23283299
24150879
24195377
24207723
24250925
24543358
24623145
24712487
25236245
25512578
25667515
25732270
26143609
26310292
26337275
26369283
26842909
27491959
27604909
28044540
28125576
28315879
28382429
28868321
29416653
29453169
29473841
29687693
31093748
32363073
33196091
33460337
34209401
34938707
35021709
35755632
35819412
36183930
36691571
37034483
37403479
37603069
37921520
38001497
39240661
39805931
40290988
40436485
41117954
41570239
41667342
42242586
42368753
43202037
44148094
44196397
44340619
44574685
44607786
44686730
45032184
45118297
46224994
46722019
47373547
47619778
47625152
47925074
48768732
49133677
50286652
50484860
50709073
51678300
52006778
52036241
52503080
52749962
54174268
54269262
54864868
55045274
55491080
55807676
56086529
56341776
56424287
56631494
56672870
57439579
58472162
58768691
59480710
60250889
61154684
61190276
61877999
62274933
62307654
64789750
66350695
66738753
67110209
67656004
69319218
69568272
69660368
69882632
69974670
70054648
70641149
72083089
72130325
72541022
72708096
72897115
73057018
73469386
74525970
74763991
75824205
76884767
76997791
78097655
79552478
80038104
81203200
82309685
85626417
89674237
90879931
91106374
91114436
91380029
91867756
92726058
93077846
93618186
94324642
96227425
97717198
98732981
100553831
100554519
100594970
103066271
104239528
104960470
105530526
106500315
106560408
108066966
108247668
108374045
108971236
109321895
109785408
110530562
111546173
113123810
113265036
115061939
115970427
118513045
119001095
119004812
119711344
119786472
120380619
122445010
124433584
128285955
131489792
131575808
133391525
133790890
135163355
136971453
137337075
137354094
139672078
142237309
144318857
144322560
145351696
145724092
146509596
147965270
147978155
148348928
150725695
152198946
152494081
152725709
153187017
154225699
155611478
160584970
160660336
161377265
167711502
168199680
173461504
176689363
177659905
177721353
178175659
178803896
179899833
182970067
186007553
186073088
186099508
191490413
193009291
193810402
194620383
198134234
199194717
200477268
201432428
203007837
206962690
207950296
209706020
210501383
213355544
215355217
215474177
216361529
218558150
219251399
219594752
222491618
225168723
228283807
231367819
231902290
233484515
233546601
235209442
235263886
235323455
235890343
235906777
237083423
237377718
240712749
244140469
245420696
246825414
247191190
250549433
251690031
252119166
252417107
253506375
256508868
257452914
258141458
261174847
261325847
261713242
263274347
267174899
269390004
274581673
276698656
281760945
281904941
282167274
282643059
290934787
293149002
297884272
297972742
300741854
303357952
305193475
307423967
307791956
308073259
311539656
320785603
321281999
323410550
325132181
327693824
329492939
329616758
330874657
332873728
336762715
337155946
337161893
337767301
337886919
339538470
341250052
342005242
342636977
347495236
349062616
351869218
352662621
352915631
352922313
353061044
353160476
354570003
355388111
359985193
361295146
361383899
362059522
368458194
368523344
368907026
368920797
370638852
375505860
376298468
376393864
377377859
377596180
378513487
378599199
379347952
380570951
381477287
383209473
385361791
385629965
386420143
388212968
391485689
393298498
394588495
395218906
395972891
397077029
401650330
402995375
404064077
405012683
405430528
405658492
406566952
406820061
407032607
409500620
409540134
409839478
410175043
410565543
411010417
411076021
412519097
413426849
413541326
416476798
416743424
418234373
418662548
418768394
419084104
419443005
419622371
420351046
420429428
421973725
423470402
425103360
425302114
425421920
425457760
425686235
425752285
432516884
434558035
434907065
435225922
435641823
435880626
437363242
437533038
438236851
438251066
440726415
441864193
442735223
442912063
444724633
444921429
445660248
445660747
446477795
447769484
449891510
449929150
451332869
452010658
452115578
452361847
453139074
453482376
454194542
454875570
460986305
462352779
463249754
464059601
464623870
466201781
466499074
468699547
469508969
471093612
476629630
477644408
477828056
478622620
479423459
479614754
480924170
482145010
482274073
482611925
484771907
485044153
488642892
488777332
490600376
492183557
492325083
494915050
496463872
497175650
500711588
500895181
502224895
505998407
506134717
515542672
517552544
521526450
525375668
527368297
532083402
538423297
538939637
540764694
543382485
551374959
558577298
560509154
566888485
571965834
575304612
581318317
582161546
582236766
582634129
582740053
585866849
588967132
590720788
593101773
593845986
601227265
601313281
613698485
617984000
619833766
620140874
622354597
624571314
626397188
628139058
630644736
630995607
631003668
655814656
660045824
664104967
681013248
693579776
697757696
697769984
704689724
705060452
706162693
716680904
730429652
734338016
751879926
752222209
764265590
766755128
771861128
775905872
785801217
793420242
794206209
798412801
802465928
802668545
822254310
823289784
823416241
823427072
827723780
832901377
835365786
840370952
857174016
861380608
869752832
870362407
873830336
886426412
891371029
910827588
912597014
912724453
913062474
915881984
915890176
927803372
931404726
941203998
949309444
951246650
957235704
957788161
960859388
963073442
971608718
978822649
982908928
989192558
989333264
991945645
995528706
1012387845
1016586240
1017508194
1024976264
1033338882
1035698683
1036714412
1040080075
1050270810
1055600077
1062649856
1066913792
1074635090
1075208192
1075236867
1079426214
1079488513
1083018577
1089465666
1092079616
1108746241
1116792006
1117126656
1117155328
1130778458
1146609664
1150526250
1155069798
1156866230
1162504045
1180110853
1185353556
1188474880
1205207041
1217896455
1222090755
1224121074
1238781952
1238790145
1247154179
1247252485
1259819010
1267511545
1268011009
1282793160
1284997121
1314316289
1325373512
1339157467
1347561192
1349814667
1352007680
1356206081
1356247040
1356835392
1357684502
1360441345
1360515072
1362644244
1365812287
1377193984
1381447872
1389813761
1389988651
1398047210
1408543448
1408977800
1418821736
1431797761
1431988734
1440157699
1450283846
1469509632
1483583714
1484473950
1486340099
1503080448
1528184832
1532485632
1553391617
1596315246
1603751939
1641353216
1641431040
1645666304
1645703168
1666670593
1679220737
1683476480
1691787264
1692024832
1698984104
1712828418
1721176073
1722271285
1725415429
1725415432
1725431600
1728956976
1734339410
1737936896
1750544386
1754669056
1754771458
1767268353
1800876033
1809276930
1809289218
1838632960
1876362901
1884741638
1897324545
1904608346
1930903552
1941177877
1951899650
1954798134
1965600336
1968593503
1981181952
1981243399
1985396736
1989595136
1989640206
2014781445
2052509696
2102837248
2119663621
2123866116
2127998976
2132209664
2136465410
2140536838
18446744071573063843
18446744071576051439
18446744071580401664
18446744071592154814
18446744071592988680
18446744071607870839
18446744071608441842
18446744071618056193
18446744071618113543
18446744071619290789
18446744071622340610
18446744071625688143
18446744071634829312
18446744071639044099
18446744071662099187
18446744071664209921
18446744071670870131
18446744071672606720
18446744071676914665
18446744071680920461
18446744071685054281
18446744071695294744
18446744071702032385
18446744071710322688
18446744071714562048
18446744071722901504
18446744071722967042
18446744071727091720
18446744071731339265
18446744071735500800
18446744071735599108
18446744071737008626
18446744071748161536
18446744071764926464
18446744071765126100
18446744071769013279
18446744071769051140
18446744071771128560
18446744071771318201
18446744071775099802
18446744071781658624
18446744071781670912
18446744071790104578
18446744071802613760
18446744071823945816
18446744071829283389
18446744071830652302
18446744071832039424
18446744071861329920
18446744071865589762
18446744071867798474
18446744071880542681
18446744071887642268
18446744071894980655
18446744071937496148
18446744071937776024
18446744071956264093
18446744071966281728
18446744071970467840
18446744071973312334
18446744071978745857
18446744071982981122
18446744071991439364
18446744072006287046
18446744072029085697
18446744072033140736
18446744072054300672
18446744072059286154
18446744072062689280
18446744072066823852
18446744072071110656
18446744072092033031
18446744072094106978
18446744072099954785
18446744072100401163
18446744072102023826
18446744072104665092
18446744072108826626
18446744072148058025
18446744072150822917
18446744072159019009
18446744072159211524
18446744072163319809
18446744072171720704
18446744072187785824
18446744072200805683
18446744072202462901
18446744072209477632
18446744072213651456
18446744072226239592
18446744072230461449
18446744072234631172
18446744072238434141
18446744072243717920
18446744072246919767
18446744072264040448
18446744072268522389
18446744072272398158
18446744072275440035
18446744072275496481
18446744072276623361
18446744072285559930
18446744072289230849
18446744072290921017
18446744072293878155
18446744072314376192
18446744072318590976
18446744072322752519
18446744072327611407
18446744072332934624
18446744072339270805
18446744072342068769
18446744072351965184
18446744072356253706
18446744072392707316
18446744072394018816
18446744072394067968
18446744072399963127
18446744072402141717
18446744072405063890
18446744072410705367
18446744072415766868
18446744072423294458
18446744072435267008
18446744072438218557
18446744072441153831
18446744072456949760
18446744072465098182
18446744072490487814
18446744072490553345
18446744072498913282
18446744072501915979
18446744072503083009
18446744072506803238
18446744072520845313
18446744072547544021
18446744072550240241
18446744072563845483
18446744072594034515
18446744072599441423
18446744072599605248
18446744072624779264
18446744072666697729
18446744072674559260
18446744072675658072
18446744072700284929
18446744072722878053
18446744072724822725
18446744072725006557
18446744072746458927
18446744072758468905
18446744072766412690
18446744072782761797
18446744072787328349
18446744072792494082
18446744072813432832
18446744072836357415
18446744072838578179
18446744072844443289
18446744072855942176
18446744072859635713
18446744072868024320
18446744072901582849
18446744072914173952
18446744072943452164
18446744072943513619
18446744072964501504
18446744072968956675
18446744073006288901
18446744073014857728
18446744073023225856
18446744073035829248
18446744073052565508
18446744073060995072
18446744073086095360
18446744073090359296
18446744073132269570
18446744073140678660
18446744073178374144
18446744073224491008
18446744073256854374
18446744073262288896
18446744073262288897
18446744073279021057
18446744073291497472
18446744073291628544
18446744073299988481
18446744073316728832
18446744073333526529
18446744073346183168
18446744073371525122
18446744073404846081
18446744073404895233
18446744073413308418
18446744073417285639
18446744073423333520
18446744073430007815
18446744073438400513
18446744073473399488
18446744073491240595
18446744073497190401
18446744073513943041
18446744073534935040
18446744073539112960
18446744073543307264
18446744073631350785
18446744073636134368
18446744073648181248
18446744073681702912
18446744073698521088
18446744073702658048
